STN---,WBAN , YEARMODA,   TEMP,  ,   DEWP,  ,  SLP  ,  ,  STP  ,  , VISIB,  ,  WDSP,  , MXSPD,  GUST,   MAX  ,  MIN  ,PRCP  ,SNDP , FRSHTT,
690150,93121, 20140401,   54.8,17,   28.3,17, 1007.4,17,  932.7,17,   9.9,17,   6.7,17,  12.0,  21.0,   64.0*,  46.9*, 0.00I,999.9, 000000,
691684,99999, 20140401,   82.2,24,   23.5,24, 9999.9, 0, 9999.9, 0, 999.9, 0,  13.9,24,  22.0, 999.9,   93.2*,  73.4*, 0.00I,999.9, 000000,
720193,99999, 20140401,   37.0,24,   33.8,24, 9999.9, 0, 9999.9, 0,   6.8,24,   1.0,24,   5.1, 999.9,   46.4*,  32.0*, 0.00I,999.9, 000000,
720267,23224, 20140401,   41.7,24,   40.3,24, 9999.9, 0, 9999.9, 0,   5.8,24,   6.5,24,  11.1,  18.1,   46.4*,  37.4*, 0.00I,999.9, 000000,
720333,53175, 20140401,   56.3,24,   42.7,24, 1015.2,22, 9999.9, 0,   9.6,24,   7.5,24,  13.0,  18.1,   70.0 ,  37.9 , 0.03G,999.9, 010000,
720406,99999, 20140401,   47.7,24,   44.7,24, 9999.9, 0, 9999.9, 0,   9.3,24,   4.3,24,  13.0,  25.1,   57.2*,  41.0*,99.99 ,999.9, 010000,
720576,99999, 20140401,   46.5,24,   45.3,24, 9999.9, 0, 9999.9, 0,   8.6,24,   6.9,24,  15.0,  24.1,   53.6*,  44.6*, 0.00I,999.9, 000000,
720614,99999, 20140401,   45.4,24,   42.1,24, 9999.9, 0, 9999.9, 0,   9.1,24,   9.2,24,  18.1,  24.1,   51.8*,  42.8*, 0.00I,999.9, 000000,
720645,99999, 20140401,   36.7,16,   34.1,16, 9999.9, 0, 9999.9, 0,   6.3,16,   7.7,16,  14.0,  22.0,   46.4*,  32.0*, 0.00I,999.9, 000000,
720646,99999, 20140401,   49.0,24,   44.2,24, 9999.9, 0, 9999.9, 0,   6.6,24,   7.4,24,  19.0,  31.1,   55.4*,  44.6*,99.99 ,999.9, 010000,
720652,99999, 20140401,   25.4,24,   14.6,24, 1008.5,21, 9999.9, 0,   7.2,24,   6.5,24,  15.0,  24.1,   39.9 ,  14.0 , 0.01G,999.9, 101000,
720952,99999, 20140401,   48.4,24,   27.9,24, 1013.0,24, 9999.9, 0,  10.0,24,  11.0,24,  17.1,  28.0,   64.6 ,  38.3 , 0.02A,999.9, 010000,
722810,23199, 20140401,   64.9,24,   38.0,24, 1014.0,23, 1014.0,24,   9.7,24,  19.8,24,  28.0,  40.0,   84.9 ,  52.0 , 0.00G,999.9, 000000,
722860,23119, 20140401,   52.8,24,   39.2,24, 1014.9,18,  959.5,16,  10.0,24,   7.1,24,  14.0,  18.1,   69.3 ,  38.8 , 0.00G,999.9, 010000,
722868,93138, 20140401,   63.4,24,   32.9,24, 1011.6,24,  995.3,24,  10.0,24,   7.2,23,  22.0,  29.9,   82.0 ,  53.1 , 0.00G,999.9, 000000,
722869,03171, 20140401,   56.4,24,   41.0,24, 1014.0,23,  984.9,24,   9.8,24,   7.8,24,  13.0,  22.0,   70.0 ,  46.0 , 0.00G,999.9, 010000,
722874,93134, 20140401,   57.3,24,   45.5,24, 1015.2,24, 1008.6,24,   9.8,24,   3.0,24,  11.1,  19.0,   68.0 ,  51.1 , 0.09G,999.9, 010000,
722880,23152, 20140401,   55.0,24,   41.9,24, 1014.0,18,  988.2,24,   9.7,24,   6.3,24,  14.0,  21.0,   62.1*,  48.2*, 0.00G,999.9, 010000,
722885,93197, 20140401,   58.8,24,   46.0,24, 1015.4,23, 1009.1,24,   9.8,24,   7.5,24,  14.0,  24.1,   66.0 ,  52.0 , 0.04G,999.9, 010000,
722886,23130, 20140401,   55.1,24,   40.7,24, 1014.2,20,  985.6,24,   9.5,24,   4.4,24,   9.9,  17.1,   66.0 ,  48.0 , 0.13G,999.9, 010000,
722887,03180, 20140401,   55.1,11,   40.2,11, 9999.9, 0,  979.2, 9,   9.5,11,   9.1,11,  14.0,  20.0,   59.0*,  48.2*, 0.00I,999.9, 000000,
722890,93136, 20140401,   34.6,24,   34.3,18, 9999.9, 0, 9999.9, 0, 999.9, 0,   8.6,24,  15.9,  21.0,   41.0*,  28.4*, 0.00I,999.9, 000000,
722895,23243, 20140401,   52.6,24,   44.1,24, 9999.9, 0, 1012.9,16,   9.5,24,   5.0,24,  15.0,  20.0,   62.6 ,  42.8 , 0.23G,999.9, 000000,
722897,93206, 20140401,   52.0,24,   45.1,24, 1015.4,17, 1007.6,24,   8.1,24,   4.2,24,  17.1,  25.1,   61.0 ,  43.0 , 0.50G,999.9, 110000,
722899,03179, 20140401,   55.8,24,   44.3,24, 1015.3,23,  990.6,24,   9.4,24,   8.2,24,  17.1,  22.0,   70.0 ,  44.1 , 0.01G,999.9, 010000,
722900,23188, 20140401,   61.0,24,   46.0,24, 1016.8,20, 1015.8,24,   9.6,24,   7.7,24,  14.0,  22.0,   66.9 ,  55.9 , 0.00G,999.9, 010000,
722903,03131, 20140401,   57.4,24,   46.2,24, 1016.1,21, 1000.8,24,   9.0,24,   6.4,24,  12.0,  17.1,   64.9 ,  48.0 , 0.00G,999.9, 010000,
722904,03178, 20140401,   56.0,24,   45.9,24, 1016.1,20,  997.1,17,   9.2,24,   5.8,24,  11.1,  20.0,   66.0 ,  44.1 , 0.00G,999.9, 010000,
722906,93112, 20140401,   64.6,24,   46.9,24, 1016.1,23, 1015.3,24,   9.8,24,   9.2,24,  14.0,  15.9,   71.1 ,  55.9 , 0.00G,999.9, 010000,
722907,53143, 20140401,   55.8,24,   44.8,24, 9999.9, 0, 1002.5,16,   9.1,24,   4.6,24,  14.0,  19.0,   64.4*,  48.2*,99.99 ,999.9, 010000,
722909,93115, 20140401,   58.2,24,   48.1,24, 1016.7,19, 1015.9,24,   9.9,24,   7.6,24,  14.0, 999.9,   66.0 ,  46.0 , 0.00G,999.9, 010000,
722910,93116, 20140401,   55.2,12,   43.0,12, 1016.0,12,  997.9,12,   7.0,12,  11.7,12,  15.0,  22.9,   59.0*,  51.1*, 0.00I,999.9, 000000,
722920,23191, 20140401,   51.0,24,   42.9,24, 1015.8,20,  958.4,24,   9.2,24,  13.1,24,  17.1,  22.9,   55.9 ,  46.0 , 0.09G,999.9, 110000,
722925,93117, 20140401,   60.9,12,   45.2,12, 1017.2,11, 1010.6,10,  10.0,12,  12.9,12,  14.0, 999.9,   64.0*,  55.4*, 0.00A,999.9, 000000,
722926,03154, 20140401,   54.9,24,   43.4,24, 1016.2,20, 1013.1,17,   7.4,24,   4.2,24,  12.0,  19.0,   66.9 ,  41.0 , 0.10B,999.9, 010000,
722927,03177, 20140401,   56.6,24,   45.2,24, 1015.8,19, 1003.9,24,   9.1,24,   5.1,24,   9.9,  17.1,   64.9 ,  51.1 , 0.00G,999.9, 010000,
722928,99999, 20140401,   56.6,24,   45.5,24, 1024.8,21, 9999.9, 0,   8.3,24,   7.8,24,  12.0, 999.9,   66.0 ,  48.9 , 0.02B,999.9, 010000,
722934,53121, 20140401,   56.3,24,   45.6,24, 1015.9,21, 1014.8,24,   9.2,24,   4.1,24,  13.0,  19.0,   68.0 ,  45.0 , 0.00G,999.9, 010000,
722950,23174, 20140401,   57.6,24,   45.9,24, 1015.6,22, 1003.8,24,   9.8,24,  12.9,24,  19.0,  22.9,   64.0 ,  51.1 , 0.07G,999.9, 010000,
722953,03183, 20140401,   47.5,21,   29.3,21, 9999.9, 0,  914.5,16,  10.0,21,  18.1,21,  26.0,  33.0,   59.0*,  39.2*, 0.00I,999.9, 000000,
722955,03174, 20140401,   60.4, 9,   46.0, 9, 9999.9, 0, 9999.9, 0,  15.6, 9,  13.0, 9,  18.1,  20.0,   62.6*,  55.4*, 0.00I,999.9, 000000,
722956,03167, 20140401,   57.7,24,   43.5,24, 1015.6,20, 1013.4,24,  10.0,24,   9.0,24,  17.1,  24.1,   64.0 ,  53.1 , 0.03G,999.9, 010000,
722970,23129, 20140401,   58.5,24,   42.8,24, 1015.4,18, 1014.2,24,   9.7,24,   8.4,24,  14.0,  20.0,   64.9 ,  51.1 , 0.09G,999.9, 010000,
722975,53141, 20140401,   58.0,24,   46.6,24, 1015.9,20, 1014.2,17,   9.8,24,   8.2,24,  18.1,  22.0,   65.5 ,  51.1 , 0.08G,999.9, 010000,
722976,03166, 20140401,   59.0,24,   44.7,24, 1015.2,23, 1011.8,24,   9.8,24,   4.7,24,   9.9,  18.1,   68.0 ,  52.0 , 0.11G,999.9, 010000,
722977,93184, 20140401,   58.4,24,   45.1,24, 1015.8,23, 1013.8,24,   9.8,24,   5.5,24,  11.1,  17.1,   66.0 ,  52.0 , 0.06G,999.9, 010000,
723171,53144, 20140401,   49.3,24,   31.8,24, 1012.1,20,  931.4,24,   9.9,24,  15.5,24,  24.1,  34.0,   68.0 ,  36.0 , 0.08G,999.9, 010000,
723762,93244, 20140401,   49.8,24,   43.5,24, 9999.9, 0,  991.2,16,   7.8,24,   4.8,24,  17.1,  22.0,   59.0*,  42.8*,99.99 ,999.9, 110000,
723805,23179, 20140401,   68.7,23,   21.5,23, 1007.4,23,  976.6,23,  10.0,23,   9.7,23,  18.1,  25.1,   82.9 ,  53.1 , 0.00G,999.9, 000000,
723810,23114, 20140401,   49.4,24,   33.3,24, 1011.8,18,  930.9,16,  39.1,24,  13.8,24,  22.0,  32.1,   67.6 ,  37.2 , 0.07G,999.9, 010000,
723815,23161, 20140401,   55.0,24,   30.0,24, 1010.1,22,  942.7,24,  10.0,24,  18.7,24,  28.9,  38.1,   73.9 ,  39.0 , 0.03G,999.9, 010000,
723816,03159, 20140401,   47.0,24,   34.7,24, 1013.5,22,  930.5,24,   9.9,24,  15.1,24,  22.0,  32.1,   64.0 ,  39.0 , 0.06G,999.9, 010000,
723820,23182, 20140401,   48.2,24,   36.1,24, 1012.7,20,  922.2,24,   9.6,24,  14.3,24,  31.1,  42.9,   66.0 ,  39.0 , 0.09G,999.9, 010000,
723825,23131, 20140401,   49.5,24,   28.6,24, 9999.9, 0,  911.3,16,  10.0,24,  12.3,24,  22.9,  25.1,   62.6*,  39.2*,99.99 ,999.9, 010000,
723830,23187, 20140401,   39.5,24,   31.8,24, 1011.5,14,  858.0,24,   7.7,24,  11.3,24,  22.0,  31.1,   57.0 ,  34.0 , 0.05G,999.9, 110000,
723840,23155, 20140401,   55.1,24,   40.0,24, 1014.0,24,  996.4,24,   9.9,24,   6.5,24,  17.1,  25.1,   71.1 ,  46.9 , 0.08G,999.9, 010000,
723890,93193, 20140401,   52.2,24,   41.2,24, 1014.3,24, 1002.5,24,   9.7,24,   5.6,24,  15.9,  22.9,   68.0 ,  43.0 , 0.18G,999.9, 010000,
723894,03181, 20140401,   26.1,24,   15.0,24, 9999.9, 0,  774.4,16,   7.0,24,   7.5,24,  18.1,  27.0,   37.4*,  10.4*,99.99 ,999.9, 001000,
723895,23149, 20140401,   52.6,24,   42.6,24, 9999.9, 0,  999.2,16,   8.6,24,   5.0,24,  21.0,  25.1,   66.2 ,  44.6 , 0.22G,999.9, 000000,
723896,93144, 20140401,   51.8,24,   40.3,24, 9999.9, 0, 1004.2,16,   9.2,24,   4.6,24,  15.0,  18.1,   64.4 ,  39.2 , 0.00I,999.9, 000000,
723898,53119, 20140401,   50.6,24,   42.5,24, 1014.5,17, 1005.8,24,   6.4,24,   5.4,23,  15.9, 999.9,   66.9 ,  37.9 , 0.09G,999.9, 110000,
723910,93111, 20140401,   59.1,24,   47.1,24, 1015.3,22, 1014.8,17,   7.0,17,  11.7,24,  21.0,  27.0,   64.9 ,  46.0 , 0.00H,999.9, 010000,
723925,23190, 20140401,   54.8,24,   45.1,24, 1015.1,22, 1014.4,24,   9.5,24,   6.7,24,  17.1,  24.1,   64.0 ,  43.0 , 0.26G,999.9, 010000,
723927,93110, 20140401,   55.8,24,   46.2,24, 1015.1,23, 1012.7,24,   9.8,24,  11.1,24,  22.0,  26.0,   62.1 ,  45.0 , 0.15G,999.9, 010000,
723930,93214, 20140401,   52.0,24,   45.0,24, 1015.0,22, 1002.7,17,   9.6,24,   6.7,24,  18.1,  24.1,   62.1 ,  42.1 , 0.31G,999.9, 110000,
723940,23273, 20140401,   54.2,24,   44.5,24, 1015.7,23, 1006.7,24,   9.3,24,   5.7,24,  15.9,  21.0,   64.9 ,  44.1 , 0.27G,999.9, 010000,
723965,93209, 20140401,   47.7,24,   42.5,24, 1014.3,17,  984.9,24,   7.9,24,   4.7,24,  13.0,  18.1,   61.0 ,  39.0 , 0.27G,999.9, 110000,
724800,23157, 20140401,   42.7,24,   22.7,24, 1006.9,23,  866.1,24,   9.7,24,   6.9,24,  19.0,  25.1,   62.1 ,  26.1 , 0.06G,999.9, 011000,
724810,23203, 20140401,   46.9,24,   43.9,24, 9999.9, 0, 9999.9, 0,   7.0,24,   5.0,24,  12.0,  18.1,   60.8*,  37.4*,99.99 ,999.9, 010000,
724815,23257, 20140401,   48.0,24,   41.5,24, 1014.0,24, 1008.2,24,   9.6,24,   5.4,24,  14.0,  22.0,   66.0 ,  37.9 , 0.09G,999.9, 010000,
724828,93241, 20140401,   46.8,24,   43.8,24, 1012.5,17, 1008.5,24,   8.9,24,   5.6,24,  14.0,  24.1,   55.9 ,  43.0 , 0.00G,999.9, 010000,
724830,23232, 20140401,   47.0,24,   44.3,24, 1012.8,21, 1012.0,24,   8.0,24,   6.3,24,  19.0,  28.0,   57.9 ,  43.0 , 0.68G,999.9, 010000,
724833,23206, 20140401,   46.4,21,   44.6,21, 9999.9, 0, 1010.3,15,   7.3,21,   8.1,21,  33.0,  44.7,   55.4*,  41.0*,99.99 ,999.9, 010000,
724836,23208, 20140401,   45.8,24,   43.1,24, 9999.9, 0, 9999.9, 0,   6.9,24,   8.4,24,  13.0,  20.0,   50.0*,  44.6*,99.99 ,999.9, 010000,
724837,93216, 20140401,   46.7,24,   43.6,24, 1018.9, 8, 1009.1,17,   8.9,24,  12.2,24,  20.0,  26.0,   58.1 ,  40.5 , 0.33C,999.9, 010000,
724838,93205, 20140401,   47.0,24,   43.2,24, 1012.6,21, 1010.2,24,   9.5,24,  10.5,24,  19.0,  24.1,   57.9 ,  43.0 , 0.17G,999.9, 010000,
724839,93225, 20140401,   46.8,24,   43.3,24, 1012.4,20, 1011.3,24,   8.7,24,   9.0,24,  13.0,  15.9,   60.1 ,  43.0 , 0.17G,999.9, 010000,
724915,23259, 20140401,   51.2,24,   42.0,24, 1015.0,24, 1005.8,24,   9.5,24,   6.4,24,  14.0,  22.9,   62.1 ,  45.0 , 0.41G,999.9, 010000,
724920,23237, 20140401,   47.9,24,   43.5,24, 1012.9,24, 1012.0,24,   9.8,24,   8.8,24,  20.0,  25.1,   59.0 ,  39.9 , 0.15G,999.9, 010000,
724926,23258, 20140401,   48.1,24,   29.0,23, 1013.5,22, 1009.9,24,   9.3,24,   6.1,24,  15.0,  21.0,   57.0*,  41.0*, 0.05G,999.9, 010000,
724927,23285, 20140401,   48.2,23,   41.3,23, 1012.4,22,  998.0,23,   9.3,22,   4.9,23,  13.0,  22.0,   57.9 ,  39.0 , 0.47G,999.9, 010000,
724930,23230, 20140401,   50.9,24,   43.6,24, 1012.5,20, 1009.4,24,   9.8,24,  10.7,24,  25.1,  31.1,   57.9 ,  46.9 , 0.66G,999.9, 010000,
724937,23289, 20140401,   52.8,13,   44.3,13, 9999.9, 0, 1012.7, 9,  22.7,13,   8.4,13,  15.0, 999.9,   59.0*,  46.4*,99.99 ,999.9, 010000,
724938,93231, 20140401,   48.8,23,   42.8,23, 9999.9, 0, 1012.9,16,   9.7,23,   6.7,23,  13.0,  18.1,   57.2*,  44.6*,99.99 ,999.9, 010000,
724940,23234, 20140401,   51.2,24,   45.1,24, 1012.3,24, 1011.9,24,   9.6,24,   8.0,24,  15.9,  22.9,   59.0 ,  48.0 , 0.51G,999.9, 010000,
724945,23293, 20140401,   48.2,24,   43.2,24, 1013.0,23, 1011.3,24,   9.9,24,   8.3,24,  13.0,  20.0,   57.0 ,  43.0 , 0.46G,999.9, 010000,
724946,93232, 20140401,   52.4,16,   43.8,16, 9999.9, 0, 1008.6,11,  10.0,16,   9.6,16,  18.1, 999.9,   59.0*,  44.6*,99.99 ,999.9, 010000,
724955,93227, 20140401,   48.4,24,   44.5,24, 1011.1,21, 1010.0,24,   9.7,24,   6.9,24,  15.0,  22.9,   55.9 ,  39.9 , 0.38G,999.9, 010000,
724957,23213, 20140401,   46.1,24,   43.2,24, 1010.7,21, 1005.9,24,   6.8,24,   4.2,24,  18.1,  27.0,   54.0 ,  39.9 , 0.72G,999.9, 010100,
724973,93203, 20140401,   45.7,21,   41.6,21, 9999.9, 0, 1003.9,14,   9.9,21,  11.1,21,  20.0,  22.0,   50.0*,  42.8*,99.99 ,999.9, 010000,
725845,23225, 20140401,   27.5,24,   25.3,24, 1010.3, 7,  830.7,24,   0.9,24,   7.6,24,  13.0,  19.0,   32.0*,  24.8*, 0.95G,999.9, 101000,
725846,93201, 20140401,   27.5,23,   22.1,23, 9999.9, 0,  811.2,15,   6.8,23,   6.2,23,  15.0,  21.0,   35.6*,  17.6*, 0.24G,999.9, 001000,
725847,93230, 20140401,   28.2,24,   18.5,24, 1007.8,10,  799.0,24,   4.9,24,   8.2,24,  14.0,  22.0,   39.9 ,  19.9 , 0.22G,999.9, 101000,
725905,23275, 20140401,   44.5,24,   40.7,24, 1010.6,15,  988.2,24,   8.8,24,   2.3,24,   9.9,  20.0,   50.0 ,  41.0 , 1.23G,999.9, 010000,
725910,24216, 20140401,   46.3,24,   42.3,24, 1011.5,17,  998.5,24,   8.8,24,  11.7,24,  17.1,  27.0,   55.0 ,  42.1 , 0.33G,999.9, 010000,
725920,24257, 20140401,   45.3,24,   42.3,24, 1010.6,15,  992.4,24,   9.1,24,  10.3,24,  17.1,  19.0,   52.0 ,  43.0 , 0.28G,999.9, 010000,
725930,23233, 20140401,   49.9,24,   43.2,24, 1014.6,24, 1011.0,24,   9.9,24,   7.8,24,  15.0,  20.0,   61.0 ,  44.1 , 0.27G,999.9, 010000,
725940,24213, 20140401,   48.8, 4,   39.7, 4, 1009.1, 4, 1006.3, 4,   9.9, 4,   8.0, 4,   9.9, 999.9,   54.0 ,  43.0 , 0.47G,999.9, 000000,
725945,24283, 20140401,   48.9,24,   39.4,24, 1009.2,24, 1001.0,24,  10.0,24,   8.2,24,  12.0,  18.1,   59.0 ,  43.0 , 0.47G,999.9, 010000,
725946,24286, 20140401,   48.6,24,   40.6,24, 1008.8,24, 1006.8,24,  10.0,24,   9.5,24,  15.0,  22.0,   55.9 ,  44.1 , 0.48G,999.9, 010000,
725955,24259, 20140401,   38.0,24,   29.7,24, 1009.8,23,  915.2,24,  10.0,24,   4.9,24,  15.0,  19.0,   54.0 ,  25.0 , 0.00G,999.9, 000000,
725957,24215, 20140401,   34.9,24,   30.8,24, 1011.3,11,  885.3,24,   6.6,24,   1.2,24,   7.0, 999.9,   45.0 ,  30.9 , 0.70G,999.9, 101000,
725958,94299, 20140401,   34.9,24,   27.7,24, 1007.7,13,  857.5,24,   9.0,24,   7.0,24,  18.1,  22.9,   46.0 ,  27.0 , 0.05G,999.9, 001000,
745046,93242, 20140401,   49.0,24,   40.5,24, 1014.3,24, 1005.2,24,   9.8,24,   6.6,24,  17.1, 999.9,   66.0 ,  39.0 , 0.00G,999.9, 010000,
745048,93210, 20140401,   47.6,24,   41.9,24, 1012.9,16, 1005.5,24,   9.3,24,  11.2,24,  20.0,  25.1,   55.9*,  44.6*, 0.38G,999.9, 010000,
745056,53120, 20140401,   50.8,24,   43.1,24, 1015.2,17,  965.4,17,   8.8,24,   7.0,24,  18.1,  21.0,   66.9 ,  33.1 , 0.00G,999.9, 010000,
745057,53130, 20140401,   58.1, 4,   36.5, 4, 9999.9, 0,  979.5, 4,  25.0, 4,   5.8, 4,   9.9, 999.9,   60.8*,  55.4*, 0.00I,999.9, 000000,
745058,23277, 20140401,   47.6,24,   43.4,24, 1013.9,19, 1008.0,24,   9.0,24,   4.1,24,  17.1,  21.0,   60.1 ,  41.0 , 0.55G,999.9, 010000,
745090,23244, 20140401,   49.4,24,   42.5,24, 1013.4,22, 1012.1,24,   9.4,24,   6.6,24,  12.0,  21.0,   57.9*,  44.6*, 0.63G,999.9, 010000,
745160,23202, 20140401,   48.3,24,   47.5,24, 1012.1, 9, 1010.2,16,  10.0,24,   6.7,24,  20.0,  28.0,   56.7 ,  42.8 , 0.09C,999.9, 010000,
746120,93104, 20140401,   53.2,24,   24.1,24, 1009.7,23,  929.3,24,  10.0,24,  15.0,24,  26.0,  35.9,   72.0 ,  41.0 , 0.00G,999.9, 000000,
747020,23110, 20140401,   53.1,24,   41.4,24, 1014.2,20, 1005.5,21,   7.5,22,   8.1,24,  20.0, 999.9,   71.1 ,  39.0 , 0.07G,999.9, 110000,
747043,03165, 20140401,   59.0,13,   41.0,13, 9999.9, 0, 1004.9,10,  10.0,13,   7.2,13,  13.0,  19.0,   62.6*,  53.6*, 0.00I,999.9, 000000,
747185,03144, 20140401,   64.0,24,   38.7,24, 1012.1,24, 1014.1,24,   9.9,24,  16.0,24,  25.1,  35.9,   84.0 ,  51.1 , 0.00G,999.9, 000000,
747186,03164, 20140401,   48.0,24,   40.9,24, 1012.5,24,  921.6,24, 999.9, 0,  12.8,24,  18.1,  27.0,   55.9*,  45.0*, 0.00G,999.9, 000000,
747187,03104, 20140401,   66.3,24,   33.9,24, 1011.3,24, 1015.4,24,  10.0,24,   9.3,24,  19.0,  28.0,   84.9 ,  50.0 , 0.00G,999.9, 000000,
747188,23158, 20140401,   66.9,24,   32.8,24, 1010.4,24,  996.7,24,  10.0,24,  14.0,24,  22.0,  32.1,   84.0 ,  52.0 , 0.00G,999.9, 000000,
749171,99999, 20140401,   39.4,24,   32.1,24, 9999.9, 0, 9999.9, 0,   6.6,24,  11.7,24,  18.1,  24.1,   51.8*,  32.0*,99.99 ,999.9, 011000,
749179,99999, 20140401,   48.0,24,   44.4,24, 9999.9, 0, 9999.9, 0,   8.9,24,   4.5,24,  14.0,  18.1,   59.0*,  42.8*, 0.00I,999.9, 000000,
749485,99999, 20140401,   45.9,24,   40.3,24, 9999.9, 0, 9999.9, 0,   9.7,24,  10.3,24,  18.1,  24.1,   53.6*,  41.0*, 0.00I,999.9, 000000,
749486,99999, 20140401,   32.6,24,   32.6,24, 9999.9, 0, 9999.9, 0,   1.0,24,   2.3,24,   9.9,  17.1,   37.4*,  32.0*, 0.00I,999.9, 000000,
994012,99999, 20140401,   48.7,24, 9999.9, 0, 1008.6,24, 9999.9, 0, 999.9, 0,  10.0,24,  15.9, 999.9,   53.2*,  46.0*, 0.00I,999.9, 000000,
994016,99999, 20140401,   50.4,24, 9999.9, 0, 1012.4,24, 9999.9, 0, 999.9, 0,   5.3,24,   8.9, 999.9,   55.0*,  47.3*, 0.00I,999.9, 000000,
994018,99999, 20140401,   58.3,24, 9999.9, 0, 1016.4,24, 9999.9, 0, 999.9, 0,   7.3,24,  15.9, 999.9,   60.6*,  56.3*, 0.00I,999.9, 000000,
994028,99999, 20140401,   55.6,24, 9999.9, 0, 1015.6,24, 9999.9, 0, 999.9, 0,  12.2,24,  20.0, 999.9,   57.6*,  51.6*, 0.00I,999.9, 000000,
994033,99999, 20140401,   51.0,24, 9999.9, 0, 1012.1,24, 9999.9, 0, 999.9, 0,  10.8,24,  22.9, 999.9,   55.9*,  47.8*, 0.00I,999.9, 000000,
994034,99999, 20140401,   48.8,24, 9999.9, 0, 1012.2,24, 9999.9, 0, 999.9, 0,   5.7,24,  11.1, 999.9,   55.4*,  46.4*, 0.00I,999.9, 000000,
994036,99999, 20140401,   51.7,24, 9999.9, 0, 1011.9,24, 9999.9, 0, 999.9, 0,   7.8,24,  19.0, 999.9,   55.9*,  49.8*, 0.00I,999.9, 000000,
994041,99999, 20140401,   49.3,24, 9999.9, 0, 1012.1,24, 9999.9, 0, 999.9, 0,   5.7,24,  15.0, 999.9,   57.6*,  45.1*, 0.00I,999.9, 000000,
994044,99999, 20140401,   48.8,24, 9999.9, 0, 1010.7,24, 9999.9, 0, 999.9, 0,   6.2,24,  11.1, 999.9,   52.2*,  44.6*, 0.00I,999.9, 000000,
994210,99999, 20140401,   53.4,24, 9999.9, 0, 1015.8,24, 9999.9, 0, 999.9, 0,   6.9,24,  22.0, 999.9,   59.5*,  47.8*, 0.00I,999.9, 000000,
997375,99999, 20140401,   52.5,24, 9999.9, 0, 1012.9,24, 9999.9, 0, 999.9, 0,  10.8,24,  19.4, 999.9,   54.7*,  49.6*, 0.00I,999.9, 000000,
998011,99999, 20140401,   48.5,24,   45.2,24, 1011.8,24, 9999.9, 0, 999.9, 0,   5.6,24,  13.0, 999.9,   53.2*,  46.0*, 0.00I,999.9, 000000,
998013,99999, 20140401,   58.5,24,   49.6,24, 1016.9,24, 9999.9, 0, 999.9, 0,   5.1,24,   8.9, 999.9,   63.1*,  54.7*, 0.00I,999.9, 000000,
998175,99999, 20140401,   49.0,24,   43.2,24, 9999.9, 0, 9999.9, 0, 999.9, 0,   5.9,24,  15.0, 999.9,   55.0*,  44.1*, 0.00I,999.9, 000000,
998340,99999, 20140401,   54.0,20, 9999.9, 0, 1015.3,20, 9999.9, 0, 999.9, 0,   7.2,20,  15.9, 999.9,   58.1*,  49.8*, 0.00I,999.9, 000000,
998408,99999, 20140401,   58.1,24, 9999.9, 0, 9999.9, 0, 9999.9, 0, 999.9, 0,   9.3,24,  14.0, 999.9,   61.5*,  55.8*, 0.00I,999.9, 000000,
998474,99999, 20140401,   51.0,24, 9999.9, 0, 1011.7,24, 9999.9, 0, 999.9, 0,  10.0,24,  22.0, 999.9,   55.4*,  48.0*, 0.00I,999.9, 000000,
998475,99999, 20140401,   49.6,24,   43.5,24, 1011.9,24, 9999.9, 0,   6.7,24,   7.7,24,  15.0, 999.9,   55.2*,  46.9*, 0.00I,999.9, 000000,
998476,99999, 20140401,   50.5,24, 9999.9, 0, 1012.4,24, 9999.9, 0, 999.9, 0,   7.9,24,  14.0, 999.9,   56.1*,  47.7*, 0.00I,999.9, 000000,
998477,99999, 20140401,   51.7,24, 9999.9, 0, 1012.2,24, 9999.9, 0, 999.9, 0,  11.3,24,  18.1, 999.9,   56.7*,  48.9*, 0.00I,999.9, 000000,
998478,99999, 20140401,   50.2,24, 9999.9, 0, 1012.2,24, 9999.9, 0, 999.9, 0,   5.7,24,  11.1, 999.9,   55.6*,  47.7*, 0.00I,999.9, 000000,
998479,99999, 20140401,   50.8,24, 9999.9, 0, 1011.3,24, 9999.9, 0, 999.9, 0,   7.2,24,  17.1, 999.9,   55.6*,  48.9*, 0.00I,999.9, 000000,
998496,99999, 20140401,   50.3,24, 9999.9, 0, 1012.3,24, 9999.9, 0, 999.9, 0,   8.8,24,  18.1, 999.9,   55.0*,  48.0*, 0.00I,999.9, 000000,
999999,04222, 20140401,   39.7,24, 9999.9, 0, 9999.9, 0, 9999.9, 0, 999.9, 0, 999.9, 0, 999.9, 999.9,   45.3 ,  37.0 , 0.85G,999.9, 000000,
999999,53139, 20140401,   68.8,24, 9999.9, 0, 9999.9, 0, 9999.9, 0, 999.9, 0, 999.9, 0, 999.9, 999.9,   82.0 ,  57.6 , 0.00G,999.9, 000000,
999999,53150, 20140401,   23.9,24, 9999.9, 0, 9999.9, 0, 9999.9, 0, 999.9, 0, 999.9, 0, 999.9, 999.9,   32.0 ,  19.8 , 0.84G,999.9, 000000,
999999,53151, 20140401,   52.8,24, 9999.9, 0, 9999.9, 0, 9999.9, 0, 999.9, 0, 999.9, 0, 999.9, 999.9,   61.9 ,  47.5 , 0.00G,999.9, 000000,
999999,53152, 20140401,   54.1,24, 9999.9, 0, 9999.9, 0, 9999.9, 0, 999.9, 0, 999.9, 0, 999.9, 999.9,   61.2 ,  44.6 , 0.11G,999.9, 000000,
999999,93243, 20140401,   46.7,24, 9999.9, 0, 9999.9, 0, 9999.9, 0, 999.9, 0, 999.9, 0, 999.9, 999.9,   59.7 ,  36.0 , 0.03G,999.9, 000000,
999999,93245, 20140401,   49.0,24, 9999.9, 0, 9999.9, 0, 9999.9, 0, 999.9, 0, 999.9, 0, 999.9, 999.9,   54.0 ,  44.1 , 0.99G,999.9, 000000,
